{
  "nbformat": 4,
  "nbformat_minor": 0,
  "metadata": {
    "colab": {
      "name": "Kmeans.ipynb",
      "provenance": [],
      "collapsed_sections": [],
      "mount_file_id": "14zeKxEN7zYFAQUYIH_7djz4AvABotfv2",
      "authorship_tag": "ABX9TyPEaYdXjNCsHqfTQZeD/VjR",
      "include_colab_link": true
    },
    "kernelspec": {
      "display_name": "Python 3",
      "name": "python3"
    }
  },
  "cells": [
    {
      "cell_type": "markdown",
      "metadata": {
        "id": "view-in-github",
        "colab_type": "text"
      },
      "source": [
        "<a href=\"https://colab.research.google.com/github/MustafizSaadi/DMLab/blob/main/Kmeans.ipynb\" target=\"_parent\"><img src=\"https://colab.research.google.com/assets/colab-badge.svg\" alt=\"Open In Colab\"/></a>"
      ]
    },
    {
      "cell_type": "code",
      "metadata": {
        "id": "YnDmLWUcrJVf"
      },
      "source": [
        "import numpy as np\n",
        "import gzip\n",
        "from io import StringIO\n",
        "import re\n",
        "import sys\n",
        "import math\n",
        "import random\n",
        "import statistics \n",
        "import pandas as pd\n",
        "from scipy import stats\n",
        "from sklearn.metrics import silhouette_samples, silhouette_score\n",
        "import matplotlib.pyplot as plt"
      ],
      "execution_count": null,
      "outputs": []
    },
    {
      "cell_type": "code",
      "metadata": {
        "id": "lA-KXKkErnXX"
      },
      "source": [
        "# cd /content/drive/My\\ Drive"
      ],
      "execution_count": null,
      "outputs": []
    },
    {
      "cell_type": "code",
      "metadata": {
        "id": "OAgStAm5rpWW"
      },
      "source": [
        "def load_dataset(file_name, threshold):\n",
        "  attribute_dictionary = dict()\n",
        "  max_dictionary = dict()\n",
        "  min_dictionary = dict()\n",
        "  category_values = dict()\n",
        "  df = pd.read_csv(file_name, header = None)\n",
        "\n",
        "  df = df.astype(\"float32\")\n",
        "  print(df.dtypes)\n",
        "\n",
        "  full_table = df.to_numpy()\n",
        "  # full_table = round(full_table,2)\n",
        "  print(full_table)\n",
        "\n",
        "  for i in range(full_table.shape[1]):\n",
        "    print(full_table[:,i])\n",
        "    elements = np.unique(full_table[:,i])\n",
        "    ratio =  len(elements)/full_table.shape[0]\n",
        "\n",
        "    if ratio >= threshold:\n",
        "      attribute_dictionary[i] = \"numeric\"\n",
        "      max_dictionary[i] = max(elements)\n",
        "      min_dictionary[i] = min(elements)\n",
        "    else:\n",
        "      attribute_dictionary[i] = \"category\"\n",
        "      category_values[i] = elements\n",
        "  \n",
        "  print(attribute_dictionary)\n",
        "  # print(max_dictionary)\n",
        "  # print(min_dictionary)\n",
        "  return attribute_dictionary, max_dictionary, min_dictionary, category_values, full_table"
      ],
      "execution_count": null,
      "outputs": []
    },
    {
      "cell_type": "code",
      "metadata": {
        "id": "wH0ULGLgh_qe"
      },
      "source": [
        "def replace_nan_with_most_frequent_category(df, column):\n",
        "  most_frequent_category = df.iloc[:,column].mode()[0]\n",
        "  print(most_frequent_category)\n",
        "  df.iloc[:,column].fillna(most_frequent_category, inplace = True)\n",
        "  print(df.iloc[:,column])\n",
        "  print(\"within replace\")\n",
        "  return df"
      ],
      "execution_count": null,
      "outputs": []
    },
    {
      "cell_type": "code",
      "metadata": {
        "id": "ucCzgVMRxII2"
      },
      "source": [
        "def load_dataset_hcv(file_name, threshold):\n",
        "  attribute_dictionary = dict()\n",
        "  max_dictionary = dict()\n",
        "  min_dictionary = dict()\n",
        "  category_values = dict()\n",
        "  df = pd.read_csv(file_name, header = None)\n",
        "  \n",
        "  df = df.drop([0])\n",
        "  df = df.drop(df.columns[0], axis = 1)\n",
        "  df = df.drop(df.columns[0], axis = 1)\n",
        "  df = df.replace('NA', np.nan)\n",
        "  df = df.replace('m', 0)\n",
        "  df = df.replace('f', 1)\n",
        "  df = df.astype(\"float32\")\n",
        "  print(\"dataframe type\", df.dtypes)\n",
        "  print(df)\n",
        "  \n",
        "  for i in range(df.shape[1]):\n",
        "    if df.iloc[:,i].isnull().values.any():\n",
        "      print(1)\n",
        "      df = replace_nan_with_most_frequent_category(df, i)\n",
        "    # print(df.columns[i])\n",
        "\n",
        "  print(df.shape)\n",
        "  full_table = df.to_numpy()\n",
        "  print(full_table.shape[1])\n",
        "\n",
        "  for i in range(full_table.shape[1]):\n",
        "    elements = np.unique(full_table[:,i])\n",
        "    ratio =  len(elements)/full_table.shape[0]\n",
        "\n",
        "    if ratio >= threshold:\n",
        "      attribute_dictionary[i] = \"numeric\"\n",
        "      max_dictionary[i] = max(elements)\n",
        "      min_dictionary[i] = min(elements)\n",
        "      # full_table[:,i] = np.round(full_table[:,i].astype(\"float32\"), 2)\n",
        "    else:\n",
        "      attribute_dictionary[i] = \"category\"\n",
        "      category_values[i] = elements\n",
        "      # full_table[:,i] = full_table[:,i].astype(\"str\")\n",
        "    print(full_table[:,i])\n",
        "  \n",
        "  print(attribute_dictionary)\n",
        "  \n",
        "  return attribute_dictionary, max_dictionary, min_dictionary, category_values, full_table"
      ],
      "execution_count": null,
      "outputs": []
    },
    {
      "cell_type": "code",
      "metadata": {
        "id": "EqjX5Qbie6nv"
      },
      "source": [
        "def load_dataset_sponge(file_name, threshold):\n",
        "  attribute_dictionary = dict()\n",
        "  max_dictionary = dict()\n",
        "  min_dictionary = dict()\n",
        "  category_values = dict()\n",
        "  df = pd.read_csv(file_name, header = None)\n",
        "  \n",
        "  df = df.drop(df.columns[0], axis = 1)\n",
        "  df = df.replace('?', np.nan)\n",
        "  df = df.astype(\"object\")\n",
        "  print(\"dataframe type\", df.dtypes)\n",
        "  print(\"start\")\n",
        "  \n",
        "  for i in range(df.shape[1]):\n",
        "    if df.iloc[:,i].isnull().values.any():\n",
        "      print(1)\n",
        "      df = replace_nan_with_most_frequent_category(df, i)\n",
        "    # print(df.columns[i])\n",
        "\n",
        "  print(df.shape)\n",
        "  full_table = df.to_numpy()\n",
        "  print(full_table.shape[1])\n",
        "\n",
        "  for i in range(full_table.shape[1]):\n",
        "    print(full_table[:,i])\n",
        "    elements = np.unique(full_table[:,i])\n",
        "    ratio =  len(elements)/full_table.shape[0]\n",
        "\n",
        "    if ratio >= threshold:\n",
        "      attribute_dictionary[i] = \"numeric\"\n",
        "      max_dictionary[i] = max(elements)\n",
        "      min_dictionary[i] = min(elements)\n",
        "    else:\n",
        "      attribute_dictionary[i] = \"category\"\n",
        "      category_values[i] = elements\n",
        "  \n",
        "  print(attribute_dictionary)\n",
        "  \n",
        "  return attribute_dictionary, max_dictionary, min_dictionary, category_values, full_table"
      ],
      "execution_count": null,
      "outputs": []
    },
    {
      "cell_type": "code",
      "metadata": {
        "id": "mxTf2qBLH5qv"
      },
      "source": [
        "def distance(attribute_dictionary, max_dictionary, min_dictionary, data, mean):\n",
        "  # print(data)\n",
        "  # print(mean)\n",
        "  dist = 0\n",
        "  col = 0\n",
        "  for i,j in zip(data, mean):\n",
        "    if attribute_dictionary[col] == \"numeric\":\n",
        "      # print(\"val\", col, i, j)\n",
        "      # print(\"normalize\", max_dictionary[col] - min_dictionary[col])\n",
        "      dist += (abs(float(i)-float(j))/(max_dictionary[col] - min_dictionary[col]))\n",
        "    elif attribute_dictionary[col] == \"category\":\n",
        "      if i != j:\n",
        "        dist += 1\n",
        "    col += 1\n",
        "  # print(dist, col)\n",
        "  return dist/col"
      ],
      "execution_count": null,
      "outputs": []
    },
    {
      "cell_type": "code",
      "metadata": {
        "id": "VRMkXJI623ve"
      },
      "source": [
        "def Kmeans(attribute_dictionary, max_dictionary, min_dictionary, database, means):\n",
        "  clusters = dict()\n",
        "  tot_err = 0\n",
        "\n",
        "  while True:\n",
        "    flag = False\n",
        "    tot_err = 0\n",
        "    for i in range(means.shape[0]):\n",
        "      clusters[i] = []\n",
        "\n",
        "    for data in database:\n",
        "      # print(data)\n",
        "      idx = -1\n",
        "      min = sys.maxsize\n",
        "\n",
        "      for i in range(means.shape[0]):\n",
        "        mean = means[i]\n",
        "        dist = distance(attribute_dictionary, max_dictionary, min_dictionary, data, mean)\n",
        "        # if (mean-data).any() == False:\n",
        "        #   print(\"equal\", dist)\n",
        "        #   print(\"index\", i)\n",
        "\n",
        "        if dist < min:\n",
        "          min = dist\n",
        "          idx = i\n",
        "      tot_err += min\n",
        "      clusters[idx].append(data)\n",
        "\n",
        "    # print(clusters)\n",
        "    # print(\"end\")\n",
        "    # sillhoutte_dataset = []\n",
        "    # sillhoutte_label = []\n",
        "    # for cluster in clusters:\n",
        "    #   for data in clusters[cluster]:\n",
        "    #     sillhoutte_dataset.append(data)\n",
        "    #     sillhoutte_label.append(cluster)\n",
        "\n",
        "    # sillhoutte_dataset = np.array(sillhoutte_dataset)\n",
        "\n",
        "    # pairwise_distance = calculate_pairwise_distance(sillhoutte_dataset, attribute_dictionary, max_dictionary, min_dictionary)\n",
        "\n",
        "    # # print(pairwise_distance)\n",
        "\n",
        "    # silhouette_avg = silhouette_score(pairwise_distance, sillhoutte_label, metric=\"precomputed\")\n",
        "    # print(\"Sillhoute score -> \", silhouette_avg)\n",
        "\n",
        "    row, col = means.shape\n",
        "    for i in range(row):\n",
        "      for j in range(col):\n",
        "        singlepoints = [point[j] for point in clusters[i]]\n",
        "        if attribute_dictionary[j] == \"numeric\":\n",
        "          singlepoints = np.array(singlepoints).astype(\"float32\")\n",
        "          if len(singlepoints) != 0:\n",
        "            # print(\"singlepoints\", singlepoints)\n",
        "            mean = round(np.mean(singlepoints), 2)\n",
        "            # print(means[i][j], mean)\n",
        "            if float(means[i][j]) != mean:\n",
        "              flag = True\n",
        "              means[i][j] = mean\n",
        "        elif attribute_dictionary[j] == \"category\":\n",
        "          # singlepoints = np.array(singlepoints).astype(\"object\")\n",
        "          if len(singlepoints) != 0:\n",
        "            mean = stats.mode(singlepoints)[0][0]\n",
        "            prev_mean_i_j = means[i][j]\n",
        "            means[i][j] = mean\n",
        "            # print(\"mode\", type(means[i][j]), type(mean))\n",
        "            if means[i][j] != prev_mean_i_j:\n",
        "              flag = True\n",
        "            # means[i][j] = mean\n",
        "        # mean = round(statistics.mean(singlepoints), 2)\n",
        "        # mean = round(np.mean(singlepoints), 2)\n",
        "        # mean = mean.astype(\"float32\")\n",
        "        # print(singlepoints)\n",
        "        # print(mean)\n",
        "        # print(means[i][j])\n",
        "        # print(mean.dtype)\n",
        "        # if means[i][j] != mean:\n",
        "        #   flag = True\n",
        "        #   means[i][j] = mean\n",
        "    \n",
        "    if not flag:\n",
        "      break\n",
        "    \n",
        "  return tot_err, means, clusters\n",
        "\n",
        "  \n"
      ],
      "execution_count": null,
      "outputs": []
    },
    {
      "cell_type": "code",
      "metadata": {
        "id": "gRVOT_FHgURL"
      },
      "source": [
        "def calculate_pairwise_distance(sillhoutte_dataset, attribute_dictionary, max_dictionary, min_dictionary):\n",
        "  row = sillhoutte_dataset.shape[0]\n",
        "  pairwise_distance = np.zeros((row,row))\n",
        "\n",
        "  for i in range(row):\n",
        "    for j in range(i+1, row):\n",
        "      pairwise_distance[i][j] = distance(attribute_dictionary, max_dictionary, min_dictionary, sillhoutte_dataset[i], sillhoutte_dataset[j])\n",
        "      pairwise_distance[j][i] = pairwise_distance[i][j]\n",
        "\n",
        "  return pairwise_distance\n",
        "  "
      ],
      "execution_count": null,
      "outputs": []
    },
    {
      "cell_type": "code",
      "metadata": {
        "colab": {
          "base_uri": "https://localhost:8080/",
          "height": 1000
        },
        "id": "o9OFt7DBsQvv",
        "outputId": "2d396a8d-cd0c-4a27-b7a6-24821713c687"
      },
      "source": [
        "threshold = 0.15\n",
        "# attribute_dictionary, max_dictionary, min_dictionary, category_values, database = load_dataset('unlabeled data', threshold)\n",
        "# attribute_dictionary, max_dictionary, min_dictionary, category_values, database = load_dataset_sponge('sponge.csv', threshold)\n",
        "attribute_dictionary, max_dictionary, min_dictionary, category_values, database = load_dataset('QCM3.csv', threshold)\n",
        "# attribute_dictionary, max_dictionary, min_dictionary, category_values, database = load_dataset('buddymove_holidayiq.csv', threshold)\n",
        "# attribute_dictionary, max_dictionary, min_dictionary, category_values, database = load_dataset('seeds_dataset.txt', threshold)\n",
        "# attribute_dictionary, max_dictionary, min_dictionary, category_values, database = load_dataset_hcv('hcvdat0.csv', threshold)\n",
        "# attribute_dictionary, max_dictionary, min_dictionary, category_values, database = load_dataset('heart_failure_clinical_records_dataset.csv', threshold)\n",
        "# attribute_dictionary, max_dictionary, min_dictionary, category_values, database = load_dataset('tripadvisor_review.csv', threshold)\n",
        "# attribute_dictionary, max_dictionary, min_dictionary, category_values, database = load_dataset('Sales_Transactions_Dataset_Weekly.csv', threshold)\n",
        "\n",
        "print(max_dictionary)\n",
        "print(min_dictionary)\n",
        "max_k = np.linspace(1, 20, num = 20)\n",
        "# np.linspace(1, 10, num = 10)\n",
        "X = []\n",
        "Y = []\n",
        "# np.zeros((k, database.shape[1]))\n",
        "iterations = 3\n",
        "for k in max_k:\n",
        "  print(\"******* \",k)\n",
        "  best_means = []\n",
        "  best_err = sys.maxsize\n",
        "  best_cluster = dict()\n",
        "  # min_err = sys.maxsize\n",
        "  for it in range(iterations):\n",
        "    means = []\n",
        "    err = 0\n",
        "    clusters = dict()\n",
        "    np.random.shuffle(database)\n",
        "    for i in range(int(k)):\n",
        "      temp = []\n",
        "      for j in range(database.shape[1]):\n",
        "        temp.append(database[i][j])\n",
        "      means.append(temp)\n",
        "    means = np.array(means)\n",
        "    err, means, clusters = Kmeans(attribute_dictionary, max_dictionary, min_dictionary, database, means)\n",
        "    if err < best_err:\n",
        "      best_means = means\n",
        "      best_err = err\n",
        "      best_cluster = clusters\n",
        "  \n",
        "  print(\"means\", means)\n",
        "  print(k, best_err)\n",
        "  X.append(k)\n",
        "  Y.append(best_err)\n",
        "\n",
        "plt.plot(X, Y)\n",
        "plt.show()"
      ],
      "execution_count": null,
      "outputs": [
        {
          "output_type": "stream",
          "text": [
            "0    float32\n",
            "1    float32\n",
            "2    float32\n",
            "3    float32\n",
            "4    float32\n",
            "5    float32\n",
            "6    float32\n",
            "7    float32\n",
            "8    float32\n",
            "9    float32\n",
            "dtype: object\n",
            "[[ -10.06  -10.62  -14.43  -18.31  -24.64  -30.56  -38.62  -45.59  -54.89\n",
            "   -62.28]\n",
            " [  -9.69  -10.86  -16.73  -21.75  -28.47  -35.83  -43.65  -52.43  -61.92\n",
            "   -71.27]\n",
            " [ -12.07  -14.28  -21.54  -27.92  -35.19  -43.94  -52.04  -62.49  -71.97\n",
            "   -83.1 ]\n",
            " [ -14.21  -17.41  -25.91  -33.36  -41.29  -51.27  -59.94  -71.55  -81.51\n",
            "   -93.83]\n",
            " [ -16.57  -20.35  -29.97  -37.84  -47.03  -57.29  -67.13  -78.96  -90.01\n",
            "  -102.65]\n",
            " [ -75.61  -64.1  -122.08 -102.17 -174.79 -145.5  -214.69 -177.3  -250.83\n",
            "  -207.99]\n",
            " [ -76.28  -64.53 -123.4  -103.06 -174.74 -144.98 -206.75 -170.68 -240.14\n",
            "  -200.05]\n",
            " [ -76.96  -65.37 -124.5  -103.87 -169.93 -140.56 -200.89 -165.88 -232.82\n",
            "  -194.7 ]\n",
            " [ -78.29  -66.49 -125.78 -104.77 -165.42 -136.17 -196.1  -161.99 -226.89\n",
            "  -189.57]\n",
            " [ -79.62  -66.85 -126.61 -104.38 -162.73 -133.26 -194.87 -160.68 -221.33\n",
            "  -183.81]\n",
            " [ -88.03  -76.88 -128.47 -124.36 -177.13 -175.21 -220.91 -218.92 -274.27\n",
            "  -268.55]\n",
            " [ -91.08  -79.42 -131.32 -125.91 -182.66 -178.76 -224.73 -221.49 -272.67\n",
            "  -266.15]\n",
            " [ -92.08  -80.56 -132.5  -126.99 -183.33 -179.25 -222.6  -219.52 -264.81\n",
            "  -259.99]\n",
            " [ -92.58  -81.3  -133.54 -127.76 -182.34 -177.94 -217.73 -215.09 -255.14\n",
            "  -251.88]\n",
            " [ -93.29  -81.88 -133.96 -127.68 -178.29 -173.59 -211.85 -209.7  -248.13\n",
            "  -245.84]\n",
            " [ -68.84  -78.    -97.04 -107.38 -128.66 -138.16 -152.78 -159.83 -185.98\n",
            "  -191.71]\n",
            " [ -67.95  -76.82  -95.08 -105.21 -123.29 -132.91 -146.27 -153.75 -176.94\n",
            "  -184.07]\n",
            " [ -67.29  -75.99  -94.75 -104.77 -118.7  -128.29 -142.31 -150.07 -172.51\n",
            "  -180.33]\n",
            " [ -66.38  -74.97  -93.75 -103.66 -114.96 -124.23 -139.18 -147.22 -170.52\n",
            "  -178.7 ]\n",
            " [ -66.12  -74.25  -93.09 -102.5  -111.78 -120.95 -136.83 -145.02 -168.05\n",
            "  -175.16]\n",
            " [ -65.56  -71.66 -100.34 -109.75 -148.72 -157.43 -208.83 -212.29 -268.57\n",
            "  -268.95]\n",
            " [ -65.95  -72.17 -101.82 -111.37 -151.04 -159.59 -211.86 -214.85 -269.62\n",
            "  -270.97]\n",
            " [ -66.42  -72.72 -103.32 -112.74 -152.73 -161.12 -215.4  -217.42 -269.84\n",
            "  -271.73]\n",
            " [ -66.51  -73.04 -104.47 -113.72 -154.3  -162.43 -216.46 -217.99 -267.13\n",
            "  -269.45]\n",
            " [ -66.68  -73.19 -105.21 -113.27 -154.42 -161.48 -215.52 -216.68 -262.01\n",
            "  -263.28]]\n",
            "[-10.06  -9.69 -12.07 -14.21 -16.57 -75.61 -76.28 -76.96 -78.29 -79.62\n",
            " -88.03 -91.08 -92.08 -92.58 -93.29 -68.84 -67.95 -67.29 -66.38 -66.12\n",
            " -65.56 -65.95 -66.42 -66.51 -66.68]\n",
            "[-10.62 -10.86 -14.28 -17.41 -20.35 -64.1  -64.53 -65.37 -66.49 -66.85\n",
            " -76.88 -79.42 -80.56 -81.3  -81.88 -78.   -76.82 -75.99 -74.97 -74.25\n",
            " -71.66 -72.17 -72.72 -73.04 -73.19]\n",
            "[ -14.43  -16.73  -21.54  -25.91  -29.97 -122.08 -123.4  -124.5  -125.78\n",
            " -126.61 -128.47 -131.32 -132.5  -133.54 -133.96  -97.04  -95.08  -94.75\n",
            "  -93.75  -93.09 -100.34 -101.82 -103.32 -104.47 -105.21]\n",
            "[ -18.31  -21.75  -27.92  -33.36  -37.84 -102.17 -103.06 -103.87 -104.77\n",
            " -104.38 -124.36 -125.91 -126.99 -127.76 -127.68 -107.38 -105.21 -104.77\n",
            " -103.66 -102.5  -109.75 -111.37 -112.74 -113.72 -113.27]\n",
            "[ -24.64  -28.47  -35.19  -41.29  -47.03 -174.79 -174.74 -169.93 -165.42\n",
            " -162.73 -177.13 -182.66 -183.33 -182.34 -178.29 -128.66 -123.29 -118.7\n",
            " -114.96 -111.78 -148.72 -151.04 -152.73 -154.3  -154.42]\n",
            "[ -30.56  -35.83  -43.94  -51.27  -57.29 -145.5  -144.98 -140.56 -136.17\n",
            " -133.26 -175.21 -178.76 -179.25 -177.94 -173.59 -138.16 -132.91 -128.29\n",
            " -124.23 -120.95 -157.43 -159.59 -161.12 -162.43 -161.48]\n",
            "[ -38.62  -43.65  -52.04  -59.94  -67.13 -214.69 -206.75 -200.89 -196.1\n",
            " -194.87 -220.91 -224.73 -222.6  -217.73 -211.85 -152.78 -146.27 -142.31\n",
            " -139.18 -136.83 -208.83 -211.86 -215.4  -216.46 -215.52]\n",
            "[ -45.59  -52.43  -62.49  -71.55  -78.96 -177.3  -170.68 -165.88 -161.99\n",
            " -160.68 -218.92 -221.49 -219.52 -215.09 -209.7  -159.83 -153.75 -150.07\n",
            " -147.22 -145.02 -212.29 -214.85 -217.42 -217.99 -216.68]\n",
            "[ -54.89  -61.92  -71.97  -81.51  -90.01 -250.83 -240.14 -232.82 -226.89\n",
            " -221.33 -274.27 -272.67 -264.81 -255.14 -248.13 -185.98 -176.94 -172.51\n",
            " -170.52 -168.05 -268.57 -269.62 -269.84 -267.13 -262.01]\n",
            "[ -62.28  -71.27  -83.1   -93.83 -102.65 -207.99 -200.05 -194.7  -189.57\n",
            " -183.81 -268.55 -266.15 -259.99 -251.88 -245.84 -191.71 -184.07 -180.33\n",
            " -178.7  -175.16 -268.95 -270.97 -271.73 -269.45 -263.28]\n",
            "{0: 'numeric', 1: 'numeric', 2: 'numeric', 3: 'numeric', 4: 'numeric', 5: 'numeric', 6: 'numeric', 7: 'numeric', 8: 'numeric', 9: 'numeric'}\n",
            "{0: -9.69, 1: -10.62, 2: -14.43, 3: -18.31, 4: -24.64, 5: -30.56, 6: -38.62, 7: -45.59, 8: -54.89, 9: -62.28}\n",
            "{0: -93.29, 1: -81.88, 2: -133.96, 3: -127.76, 4: -183.33, 5: -179.25, 6: -224.73, 7: -221.49, 8: -274.27, 9: -271.73}\n",
            "*******  1.0\n",
            "means [[ -62.96  -61.75  -95.18  -94.98 -131.46 -130.03 -166.32 -162.7  -202.34\n",
            "  -197.44]]\n",
            "1.0 6.5221753150230874\n",
            "*******  2.0\n",
            "means [[ -12.52  -14.7   -21.72  -27.84  -35.32  -43.78  -52.28  -62.2   -72.06\n",
            "   -82.63]\n",
            " [ -75.58  -73.51 -113.55 -111.77 -155.5  -151.59 -194.83 -187.82 -234.91\n",
            "  -226.14]]\n",
            "2.0 2.704302809059559\n",
            "*******  3.0\n",
            "means [[ -12.52  -14.7   -21.72  -27.84  -35.32  -43.78  -52.28  -62.2   -72.06\n",
            "   -82.63]\n",
            " [ -72.33  -70.74 -109.61 -104.18 -144.5  -134.5  -173.07 -159.24 -204.6\n",
            "  -188.61]\n",
            " [ -78.82  -76.28 -117.5  -119.36 -166.5  -168.68 -216.59 -216.39 -265.22\n",
            "  -263.68]]\n",
            "3.0 1.729601342962422\n",
            "*******  4.0\n",
            "means [[ -12.52  -14.7   -21.72  -27.84  -35.32  -43.78  -52.28  -62.2   -72.06\n",
            "   -82.63]\n",
            " [ -72.33  -70.74 -109.61 -104.18 -144.5  -134.5  -173.07 -159.24 -204.6\n",
            "  -188.61]\n",
            " [ -91.41  -80.01 -131.96 -126.54 -180.75 -176.95 -219.56 -216.94 -263.\n",
            "  -258.48]\n",
            " [ -66.22  -72.56 -103.03 -112.17 -152.24 -160.41 -213.61 -215.85 -267.43\n",
            "  -268.88]]\n",
            "4.0 1.1071431353848324\n",
            "*******  5.0\n",
            "means [[ -72.33  -70.74 -109.61 -104.18 -144.5  -134.5  -173.07 -159.24 -204.6\n",
            "  -188.61]\n",
            " [ -10.61  -11.92  -17.57  -22.66  -29.43  -36.78  -44.77  -53.5   -62.93\n",
            "   -72.22]\n",
            " [ -15.39  -18.88  -27.94  -35.6   -44.16  -54.28  -63.53  -75.26  -85.76\n",
            "   -98.24]\n",
            " [ -66.22  -72.56 -103.03 -112.17 -152.24 -160.41 -213.61 -215.85 -267.43\n",
            "  -268.88]\n",
            " [ -91.41  -80.01 -131.96 -126.54 -180.75 -176.95 -219.56 -216.94 -263.\n",
            "  -258.48]]\n",
            "5.0 0.6329283542699601\n",
            "*******  6.0\n",
            "means [[ -92.65  -81.25 -133.33 -127.48 -181.32 -176.93 -217.39 -214.77 -256.03\n",
            "  -252.57]\n",
            " [ -89.56  -78.15 -129.9  -125.14 -179.9  -176.98 -222.82 -220.2  -273.47\n",
            "  -267.35]\n",
            " [ -77.35  -65.47 -124.47 -103.65 -169.52 -140.09 -202.66 -167.31 -234.4\n",
            "  -195.22]\n",
            " [ -67.32  -76.01  -94.74 -104.7  -119.48 -128.91 -143.47 -151.18 -174.8\n",
            "  -181.99]\n",
            " [ -66.22  -72.56 -103.03 -112.17 -152.24 -160.41 -213.61 -215.85 -267.43\n",
            "  -268.88]\n",
            " [ -12.52  -14.7   -21.72  -27.84  -35.32  -43.78  -52.28  -62.2   -72.06\n",
            "   -82.63]]\n",
            "6.0 0.5904709854801108\n",
            "*******  7.0\n",
            "means [[ -66.22  -72.56 -103.03 -112.17 -152.24 -160.41 -213.61 -215.85 -267.43\n",
            "  -268.88]\n",
            " [ -15.39  -18.88  -27.94  -35.6   -44.16  -54.28  -63.53  -75.26  -85.76\n",
            "   -98.24]\n",
            " [ -91.41  -80.01 -131.96 -126.54 -180.75 -176.95 -219.56 -216.94 -263.\n",
            "  -258.48]\n",
            " [ -66.6   -75.07  -93.86 -103.64 -115.15 -124.49 -139.44 -147.44 -170.36\n",
            "  -178.06]\n",
            " [ -77.35  -65.47 -124.47 -103.65 -169.52 -140.09 -202.66 -167.31 -234.4\n",
            "  -195.22]\n",
            " [ -68.39  -77.41  -96.06 -106.3  -125.98 -135.54 -149.52 -156.79 -181.46\n",
            "  -187.89]\n",
            " [ -10.61  -11.92  -17.57  -22.66  -29.43  -36.78  -44.77  -53.5   -62.93\n",
            "   -72.22]]\n",
            "7.0 0.44496776158562634\n",
            "*******  8.0\n",
            "means [[ -65.75  -71.92 -101.08 -110.56 -149.88 -158.51 -210.34 -213.57 -269.1\n",
            "  -269.96]\n",
            " [ -12.52  -14.7   -21.72  -27.84  -35.32  -43.78  -52.28  -62.2   -72.06\n",
            "   -82.63]\n",
            " [ -66.54  -72.98 -104.33 -113.24 -153.82 -161.68 -215.79 -217.36 -266.33\n",
            "  -268.15]\n",
            " [ -92.65  -81.25 -133.33 -127.48 -181.32 -176.93 -217.39 -214.77 -256.03\n",
            "  -252.57]\n",
            " [ -68.03  -76.94  -95.62 -105.79 -123.55 -133.12 -147.12 -154.55 -178.48\n",
            "  -185.37]\n",
            " [ -89.56  -78.15 -129.9  -125.14 -179.9  -176.98 -222.82 -220.2  -273.47\n",
            "  -267.35]\n",
            " [ -77.35  -65.47 -124.47 -103.65 -169.52 -140.09 -202.66 -167.31 -234.4\n",
            "  -195.22]\n",
            " [ -66.25  -74.61  -93.42 -103.08 -113.37 -122.59 -138.   -146.12 -169.28\n",
            "  -176.93]]\n",
            "8.0 0.38804238229570404\n",
            "*******  9.0\n",
            "means [[ -68.03  -76.94  -95.62 -105.79 -123.55 -133.12 -147.12 -154.55 -178.48\n",
            "  -185.37]\n",
            " [ -66.25  -74.61  -93.42 -103.08 -113.37 -122.59 -138.   -146.12 -169.28\n",
            "  -176.93]\n",
            " [ -91.41  -80.01 -131.96 -126.54 -180.75 -176.95 -219.56 -216.94 -263.\n",
            "  -258.48]\n",
            " [ -75.94  -64.32 -122.74 -102.62 -174.76 -145.24 -210.72 -173.99 -245.48\n",
            "  -204.02]\n",
            " [ -14.28  -17.35  -25.81  -33.04  -41.17  -50.83  -59.7   -71.    -81.16\n",
            "   -93.19]\n",
            " [ -10.06  -10.62  -14.43  -18.31  -24.64  -30.56  -38.62  -45.59  -54.89\n",
            "   -62.28]\n",
            " [ -78.29  -66.24 -125.63 -104.34 -166.03 -136.66 -197.29 -162.85 -227.01\n",
            "  -189.36]\n",
            " [ -66.22  -72.56 -103.03 -112.17 -152.24 -160.41 -213.61 -215.85 -267.43\n",
            "  -268.88]\n",
            " [  -9.69  -10.86  -16.73  -21.75  -28.47  -35.83  -43.65  -52.43  -61.92\n",
            "   -71.27]]\n",
            "9.0 0.3587095361371681\n",
            "*******  10.0\n",
            "means [[ -68.84  -78.    -97.04 -107.38 -128.66 -138.16 -152.78 -159.83 -185.98\n",
            "  -191.71]\n",
            " [ -90.4   -78.95 -130.76 -125.75 -181.04 -177.74 -222.75 -219.98 -270.58\n",
            "  -264.9 ]\n",
            " [ -10.61  -11.92  -17.57  -22.66  -29.43  -36.78  -44.77  -53.5   -62.93\n",
            "   -72.22]\n",
            " [ -66.12  -74.25  -93.09 -102.5  -111.78 -120.95 -136.83 -145.02 -168.05\n",
            "  -175.16]\n",
            " [ -15.39  -18.88  -27.94  -35.6   -44.16  -54.28  -63.53  -75.26  -85.76\n",
            "   -98.24]\n",
            " [ -66.22  -72.56 -103.03 -112.17 -152.24 -160.41 -213.61 -215.85 -267.43\n",
            "  -268.88]\n",
            " [ -67.62  -76.4   -94.92 -104.99 -121.   -130.6  -144.29 -151.91 -174.72\n",
            "  -182.2 ]\n",
            " [ -92.94  -81.59 -133.75 -127.72 -180.32 -175.76 -214.79 -212.39 -251.64\n",
            "  -248.86]\n",
            " [ -66.38  -74.97  -93.75 -103.66 -114.96 -124.23 -139.18 -147.22 -170.52\n",
            "  -178.7 ]\n",
            " [ -77.35  -65.47 -124.47 -103.65 -169.52 -140.09 -202.66 -167.31 -234.4\n",
            "  -195.22]]\n",
            "10.0 0.3285959145715504\n",
            "*******  11.0\n",
            "means [[ -12.07  -14.28  -21.54  -27.92  -35.19  -43.94  -52.04  -62.49  -71.97\n",
            "   -83.1 ]\n",
            " [ -91.41  -80.01 -131.96 -126.54 -180.75 -176.95 -219.56 -216.94 -263.\n",
            "  -258.48]\n",
            " [ -76.96  -65.37 -124.5  -103.87 -169.93 -140.56 -200.89 -165.88 -232.82\n",
            "  -194.7 ]\n",
            " [ -67.32  -76.01  -94.74 -104.7  -119.48 -128.91 -143.47 -151.18 -174.8\n",
            "  -181.99]\n",
            " [ -78.96  -66.67 -126.2  -104.58 -164.08 -134.72 -195.48 -161.33 -224.11\n",
            "  -186.69]\n",
            " [  -9.88  -10.74  -15.58  -20.03  -26.56  -33.2   -41.14  -49.01  -58.4\n",
            "   -66.77]\n",
            " [ -16.57  -20.35  -29.97  -37.84  -47.03  -57.29  -67.13  -78.96  -90.01\n",
            "  -102.65]\n",
            " [ -75.94  -64.32 -122.74 -102.62 -174.76 -145.24 -210.72 -173.99 -245.48\n",
            "  -204.02]\n",
            " [ -66.22  -72.56 -103.03 -112.17 -152.24 -160.41 -213.61 -215.85 -267.43\n",
            "  -268.88]\n",
            " [ -78.01  -75.52 -116.9  -119.18 -166.7  -169.38 -219.38 -218.96 -270.98\n",
            "  -268.97]\n",
            " [ -14.21  -17.41  -25.91  -33.36  -41.29  -51.27  -59.94  -71.55  -81.51\n",
            "   -93.83]]\n",
            "11.0 0.32425092901444347\n",
            "*******  12.0\n",
            "means [[ -67.95  -76.82  -95.08 -105.21 -123.29 -132.91 -146.27 -153.75 -176.94\n",
            "  -184.07]\n",
            " [ -92.58  -81.3  -133.54 -127.76 -182.34 -177.94 -217.73 -215.09 -255.14\n",
            "  -251.88]\n",
            " [ -93.29  -81.88 -133.96 -127.68 -178.29 -173.59 -211.85 -209.7  -248.13\n",
            "  -245.84]\n",
            " [ -66.54  -72.98 -104.33 -113.24 -153.82 -161.68 -215.79 -217.36 -266.33\n",
            "  -268.15]\n",
            " [ -65.75  -71.92 -101.08 -110.56 -149.88 -158.51 -210.34 -213.57 -269.1\n",
            "  -269.96]\n",
            " [ -91.58  -79.99 -131.91 -126.45 -183.   -179.   -223.66 -220.5  -268.74\n",
            "  -263.07]\n",
            " [ -88.03  -76.88 -128.47 -124.36 -177.13 -175.21 -220.91 -218.92 -274.27\n",
            "  -268.55]\n",
            " [ -78.29  -66.24 -125.63 -104.34 -166.03 -136.66 -197.29 -162.85 -227.01\n",
            "  -189.36]\n",
            " [ -68.84  -78.    -97.04 -107.38 -128.66 -138.16 -152.78 -159.83 -185.98\n",
            "  -191.71]\n",
            " [ -12.52  -14.7   -21.72  -27.84  -35.32  -43.78  -52.28  -62.2   -72.06\n",
            "   -82.63]\n",
            " [ -75.94  -64.32 -122.74 -102.62 -174.76 -145.24 -210.72 -173.99 -245.48\n",
            "  -204.02]\n",
            " [ -66.6   -75.07  -93.86 -103.64 -115.15 -124.49 -139.44 -147.44 -170.36\n",
            "  -178.06]]\n",
            "12.0 0.28398128382729154\n",
            "*******  13.0\n",
            "means [[ -76.96  -65.37 -124.5  -103.87 -169.93 -140.56 -200.89 -165.88 -232.82\n",
            "  -194.7 ]\n",
            " [ -68.03  -76.94  -95.62 -105.79 -123.55 -133.12 -147.12 -154.55 -178.48\n",
            "  -185.37]\n",
            " [ -92.94  -81.59 -133.75 -127.72 -180.32 -175.76 -214.79 -212.39 -251.64\n",
            "  -248.86]\n",
            " [ -78.29  -66.49 -125.78 -104.77 -165.42 -136.17 -196.1  -161.99 -226.89\n",
            "  -189.57]\n",
            " [ -15.39  -18.88  -27.94  -35.6   -44.16  -54.28  -63.53  -75.26  -85.76\n",
            "   -98.24]\n",
            " [ -66.25  -74.61  -93.42 -103.08 -113.37 -122.59 -138.   -146.12 -169.28\n",
            "  -176.93]\n",
            " [ -76.28  -64.53 -123.4  -103.06 -174.74 -144.98 -206.75 -170.68 -240.14\n",
            "  -200.05]\n",
            " [ -75.61  -64.1  -122.08 -102.17 -174.79 -145.5  -214.69 -177.3  -250.83\n",
            "  -207.99]\n",
            " [ -91.58  -79.99 -131.91 -126.45 -183.   -179.   -223.66 -220.5  -268.74\n",
            "  -263.07]\n",
            " [ -79.62  -66.85 -126.61 -104.38 -162.73 -133.26 -194.87 -160.68 -221.33\n",
            "  -183.81]\n",
            " [ -88.03  -76.88 -128.47 -124.36 -177.13 -175.21 -220.91 -218.92 -274.27\n",
            "  -268.55]\n",
            " [ -10.61  -11.92  -17.57  -22.66  -29.43  -36.78  -44.77  -53.5   -62.93\n",
            "   -72.22]\n",
            " [ -66.22  -72.56 -103.03 -112.17 -152.24 -160.41 -213.61 -215.85 -267.43\n",
            "  -268.88]]\n",
            "13.0 0.23296330381193323\n",
            "*******  14.0\n",
            "means [[ -89.56  -78.15 -129.9  -125.14 -179.9  -176.98 -222.82 -220.2  -273.47\n",
            "  -267.35]\n",
            " [ -65.56  -71.66 -100.34 -109.75 -148.72 -157.43 -208.83 -212.29 -268.57\n",
            "  -268.95]\n",
            " [ -93.29  -81.88 -133.96 -127.68 -178.29 -173.59 -211.85 -209.7  -248.13\n",
            "  -245.84]\n",
            " [ -66.46  -72.88 -103.9  -113.23 -153.52 -161.77 -215.93 -217.7  -268.48\n",
            "  -270.59]\n",
            " [ -66.6   -75.07  -93.86 -103.64 -115.15 -124.49 -139.44 -147.44 -170.36\n",
            "  -178.06]\n",
            " [ -66.68  -73.19 -105.21 -113.27 -154.42 -161.48 -215.52 -216.68 -262.01\n",
            "  -263.28]\n",
            " [ -68.84  -78.    -97.04 -107.38 -128.66 -138.16 -152.78 -159.83 -185.98\n",
            "  -191.71]\n",
            " [ -75.94  -64.32 -122.74 -102.62 -174.76 -145.24 -210.72 -173.99 -245.48\n",
            "  -204.02]\n",
            " [ -76.96  -65.37 -124.5  -103.87 -169.93 -140.56 -200.89 -165.88 -232.82\n",
            "  -194.7 ]\n",
            " [ -67.95  -76.82  -95.08 -105.21 -123.29 -132.91 -146.27 -153.75 -176.94\n",
            "  -184.07]\n",
            " [ -12.52  -14.7   -21.72  -27.84  -35.32  -43.78  -52.28  -62.2   -72.06\n",
            "   -82.63]\n",
            " [ -78.96  -66.67 -126.2  -104.58 -164.08 -134.72 -195.48 -161.33 -224.11\n",
            "  -186.69]\n",
            " [ -65.95  -72.17 -101.82 -111.37 -151.04 -159.59 -211.86 -214.85 -269.62\n",
            "  -270.97]\n",
            " [ -92.33  -80.93 -133.02 -127.38 -182.84 -178.6  -220.16 -217.3  -259.98\n",
            "  -255.94]]\n",
            "14.0 0.3568799980187202\n",
            "*******  15.0\n",
            "means [[ -91.58  -79.99 -131.91 -126.45 -183.   -179.   -223.66 -220.5  -268.74\n",
            "  -263.07]\n",
            " [ -66.6   -75.07  -93.86 -103.64 -115.15 -124.49 -139.44 -147.44 -170.36\n",
            "  -178.06]\n",
            " [ -16.57  -20.35  -29.97  -37.84  -47.03  -57.29  -67.13  -78.96  -90.01\n",
            "  -102.65]\n",
            " [ -75.94  -64.32 -122.74 -102.62 -174.76 -145.24 -210.72 -173.99 -245.48\n",
            "  -204.02]\n",
            " [ -93.29  -81.88 -133.96 -127.68 -178.29 -173.59 -211.85 -209.7  -248.13\n",
            "  -245.84]\n",
            " [  -9.88  -10.74  -15.58  -20.03  -26.56  -33.2   -41.14  -49.01  -58.4\n",
            "   -66.77]\n",
            " [ -78.29  -66.24 -125.63 -104.34 -166.03 -136.66 -197.29 -162.85 -227.01\n",
            "  -189.36]\n",
            " [ -66.54  -72.98 -104.33 -113.24 -153.82 -161.68 -215.79 -217.36 -266.33\n",
            "  -268.15]\n",
            " [ -67.95  -76.82  -95.08 -105.21 -123.29 -132.91 -146.27 -153.75 -176.94\n",
            "  -184.07]\n",
            " [ -68.84  -78.    -97.04 -107.38 -128.66 -138.16 -152.78 -159.83 -185.98\n",
            "  -191.71]\n",
            " [ -65.95  -72.17 -101.82 -111.37 -151.04 -159.59 -211.86 -214.85 -269.62\n",
            "  -270.97]\n",
            " [ -92.58  -81.3  -133.54 -127.76 -182.34 -177.94 -217.73 -215.09 -255.14\n",
            "  -251.88]\n",
            " [ -13.14  -15.84  -23.72  -30.64  -38.24  -47.6   -55.99  -67.02  -76.74\n",
            "   -88.46]\n",
            " [ -88.03  -76.88 -128.47 -124.36 -177.13 -175.21 -220.91 -218.92 -274.27\n",
            "  -268.55]\n",
            " [ -65.56  -71.66 -100.34 -109.75 -148.72 -157.43 -208.83 -212.29 -268.57\n",
            "  -268.95]]\n",
            "15.0 0.1556184444937985\n",
            "*******  16.0\n",
            "means [[ -67.62  -76.4   -94.92 -104.99 -121.   -130.6  -144.29 -151.91 -174.72\n",
            "  -182.2 ]\n",
            " [ -90.4   -78.95 -130.76 -125.75 -181.04 -177.74 -222.75 -219.98 -270.58\n",
            "  -264.9 ]\n",
            " [  -9.88  -10.74  -15.58  -20.03  -26.56  -33.2   -41.14  -49.01  -58.4\n",
            "   -66.77]\n",
            " [ -68.84  -78.    -97.04 -107.38 -128.66 -138.16 -152.78 -159.83 -185.98\n",
            "  -191.71]\n",
            " [ -78.29  -66.24 -125.63 -104.34 -166.03 -136.66 -197.29 -162.85 -227.01\n",
            "  -189.36]\n",
            " [ -66.46  -72.88 -103.9  -113.23 -153.52 -161.77 -215.93 -217.7  -268.48\n",
            "  -270.59]\n",
            " [ -93.29  -81.88 -133.96 -127.68 -178.29 -173.59 -211.85 -209.7  -248.13\n",
            "  -245.84]\n",
            " [ -66.12  -74.25  -93.09 -102.5  -111.78 -120.95 -136.83 -145.02 -168.05\n",
            "  -175.16]\n",
            " [ -92.58  -81.3  -133.54 -127.76 -182.34 -177.94 -217.73 -215.09 -255.14\n",
            "  -251.88]\n",
            " [ -65.95  -72.17 -101.82 -111.37 -151.04 -159.59 -211.86 -214.85 -269.62\n",
            "  -270.97]\n",
            " [ -12.07  -14.28  -21.54  -27.92  -35.19  -43.94  -52.04  -62.49  -71.97\n",
            "   -83.1 ]\n",
            " [ -66.68  -73.19 -105.21 -113.27 -154.42 -161.48 -215.52 -216.68 -262.01\n",
            "  -263.28]\n",
            " [ -15.39  -18.88  -27.94  -35.6   -44.16  -54.28  -63.53  -75.26  -85.76\n",
            "   -98.24]\n",
            " [ -66.38  -74.97  -93.75 -103.66 -114.96 -124.23 -139.18 -147.22 -170.52\n",
            "  -178.7 ]\n",
            " [ -65.56  -71.66 -100.34 -109.75 -148.72 -157.43 -208.83 -212.29 -268.57\n",
            "  -268.95]\n",
